%YAML:1.0
cam0:
  T_cam_imu:
    - [0.0, -1.0,  0.0,  0.035]
    - [0.0,  0.0, -1.0,  0.0]
    - [1.0,  0.0,  0.0,  0.0]
    - [0.0,  0.0,  0.0,  1.0]
  cam_overlaps: [1]
  camera_model: pinhole
  distortion_coeffs: [-0.332668, 0.092904, -0.001894, -0.006272]
  distortion_model: radtan
  intrinsics: [722.6236, 726.9252, 727.5089, 437.6708]
  resolution: [1280, 800]
  rostopic: /camera_left/image_raw
  timeshift_cam_imu: 0.0
cam1:
  T_cam_imu:
    - [ 0.048164, -0.998837, -0.002093, -0.035714]
    - [-0.002978,  0.001952, -0.999994,  0.000657]
    - [ 0.998835,  0.048170, -0.002881, -0.004382]
    - [ 0.0,       0.0,       0.0,       1.0]
  T_cn_cnm1:
    - [ 0.998837,  0.002093,  0.048164, -0.070673]
    - [-0.001952,  0.999994, -0.002978,  0.000725]
    - [-0.048170,  0.002881,  0.998835, -0.002696]
    - [ 0.0,       0.0,       0.0,       1.0]
  cam_overlaps: [0]
  camera_model: pinhole
  distortion_coeffs: [-0.328503, 0.090558, -0.000274, -0.000975]
  distortion_model: radtan
  intrinsics: [712.0374, 714.8566, 667.1928, 415.1493]
  resolution: [1280, 800]
  rostopic: /camera_right/image_raw
  timeshift_cam_imu: 0.0
