%YAML:1.0

cam0:
  T_imu_cam: !!opencv-matrix
    rows: 4
    cols: 4
    dt: d
    data: [0.0, 0.0, 1.0, 0.0,
           -1.0, 0.0, 0.0, 0.035,
           0.0, -1.0, 0.0, 0.0,
           0.0, 0.0, 0.0, 1.0]
  camera_model: pinhole
  distortion_coeffs: [-0.03491057, -0.03153678, 0.02976513, -0.01298862]
  distortion_model: equidistant
  image_height: 800
  image_width: 1280
  intrinsics: [703.61845246, 705.92675314, 682.98881511, 424.01614342]
  rostopic: /camera_left/image_raw
  timeshift_cam_imu: 0.0

cam1:
  T_imu_cam: !!opencv-matrix
    rows: 4
    cols: 4
    dt: d
    data: [0.048164, -0.002978, 0.998835, 0.039801,
           -0.998837, 0.001952, 0.048170, -0.035441,
           -0.002093, -0.999994, -0.002881, -0.000498,
           0.0, 0.0, 0.0, 1.0]
  camera_model: pinhole
  distortion_coeffs: [-0.0252107, -0.05811279, 0.0564838, -0.02078597]
  distortion_model: equidistant
  image_height: 800
  image_width: 1280
  intrinsics: [693.79325647, 696.4397353, 655.97661794, 406.32901232]
  rostopic: /camera_right/image_raw
  timeshift_cam_imu: 0.0