%YAML:1.0
cam0:
  T_cam_imu:
    - [0.0, -1.0, 0.0, 0.035]
    - [0.0, 0.0, -1.0, 0.0]
    - [1.0, 0.0, 0.0, 0.0]
    - [0.0, 0.0, 0.0, 1.0]
  cam_overlaps: [1]
  camera_model: pinhole
  distortion_coeffs: [0.19235209, 0.42307690, -1.66566010, 0.63520630]
  distortion_model: equidistant
  intrinsics: [445.355136, 447.751541, 639.541931, 399.823438]
  resolution: [1280, 800]
  rostopic: /camera_left/image_raw
  timeshift_cam_imu: 0.0
cam1:
  T_cam_imu:
    - [0.048164, -0.998837, -0.002093, -0.035714]
    - [-0.002978, 0.001952, -0.999994, 0.000657]
    - [0.998835, 0.048170, -0.002881, -0.004382]
    - [0.0, 0.0, 0.0, 1.0]
  T_cn_cnm1:
    - [0.998837, 0.002093, 0.048164, -0.070673]
    - [-0.001952, 0.999994, -0.002978, 0.000725]
    - [-0.048170, 0.002881, 0.998835, -0.002696]
    - [0.0, 0.0, 0.0, 1.0]
  cam_overlaps: [0]
  camera_model: pinhole
  distortion_coeffs: [0.33257250, -2.35753399, 3.04363004, -0.64973040]
  distortion_model: equidistant
  intrinsics: [490.120193, 486.350286, 637.760034, 401.037981]
  resolution: [1280, 800]
  rostopic: /camera_right/image_raw
  timeshift_cam_imu: 0.0
