%YAML:1.0
cam0:
   T_cam_imu:
      - [0.00000000, -1.00000000, 0.00000000, 0.03500000]
      - [0.00000000, 0.00000000, -1.00000000, 0.00000000]
      - [1.00000000, 0.00000000, 0.00000000, 0.00000000]
      - [0.00000000, 0.00000000, 0.00000000, 1.00000000]
   cam_overlaps: [1]
   camera_model: pinhole
   distortion_coeffs: [-0.080236, 0.142701, -0.276103, 0.177827]
   distortion_model: equidistant
   intrinsics: [719.4519, 721.9364, 683.4017, 421.3023]
   resolution: [1280, 800]
   rostopic: /camera_left/image_raw
cam1:
   T_cam_imu:
      - [0.00667903, -0.99997677, -0.00136191, -0.03785681]
      - [-0.00569975, 0.00132385, -0.99998288, -0.00026341]
      - [0.99996145, 0.00668668, -0.00569077, 0.00222098]
      - [0.00000000, 0.00000000, 0.00000000, 1.00000000]
   T_cn_cnm1:
      - [0.99997677, 0.00136191, 0.00667903, -0.07285600]
      - [-0.00132385, 0.99998288, -0.00569975, -0.00021707]
      - [-0.00668668, 0.00569077, 0.99996145, 0.00245501]
      - [0.00000000, 0.00000000, 0.00000000, 1.00000000]
   cam_overlaps: [0]
   camera_model: pinhole
   distortion_coeffs: [-0.072817, 0.111663, -0.208721, 0.118739]
   distortion_model: equidistant
   intrinsics: [714.1410, 717.1821, 656.7205, 404.0302]
   resolution: [1280, 800]
   rostopic: /camera_right/image_raw
